--------------------------------- LOGS ALGORITMO BUSQUEDA_LOCAL_DLB---------------------------------
                                 ARCHIVO DE DATOS: datos\ford04.dat                                 
                                          SEMILLA: 26959126                                         
                                                K: 5                                                
                                        maxIteraciones: 5000                                        
----------------------------------------------------------------------------------------------------
 Asignación Inicial: [28, 16, 29, 1, 4, 13, 7, 8, 26, 18, 6, 10, 21, 11, 9, 3, 19, 23, 30, 14, 25, 17, 12, 2, 24, 22, 15, 27, 20, 5]
 Costo Inicial: 194866

	Iteración 1: cambia el par (1,28)
	Asignación: [1, 16, 29, 28, 4, 13, 7, 8, 26, 18, 6, 10, 21, 11, 9, 3, 19, 23, 30, 14, 25, 17, 12, 2, 24, 22, 15, 27, 20, 5]
	Costo: 193108

	Iteración 2: cambia el par (22,29)
	Asignación: [1, 16, 22, 28, 4, 13, 7, 8, 26, 18, 6, 10, 21, 11, 9, 3, 19, 23, 30, 14, 25, 17, 12, 2, 24, 29, 15, 27, 20, 5]
	Costo: 191316

	Iteración 3: cambia el par (8,4)
	Asignación: [1, 16, 22, 28, 8, 13, 7, 4, 26, 18, 6, 10, 21, 11, 9, 3, 19, 23, 30, 14, 25, 17, 12, 2, 24, 29, 15, 27, 20, 5]
	Costo: 188852

	Iteración 4: cambia el par (19,6)
	Asignación: [1, 16, 22, 28, 8, 13, 7, 4, 26, 18, 19, 10, 21, 11, 9, 3, 6, 23, 30, 14, 25, 17, 12, 2, 24, 29, 15, 27, 20, 5]
	Costo: 186194

 Asignación: [1, 16, 22, 28, 8, 13, 7, 4, 26, 18, 19, 10, 21, 11, 9, 3, 6, 23, 30, 14, 25, 17, 12, 2, 24, 29, 15, 27, 20, 5]
 Costo: 186194
 Tiempo de ejecución: 5.5993s