--------------------------------- LOGS ALGORITMO BUSQUEDA_LOCAL_DLB---------------------------------
                                 ARCHIVO DE DATOS: datos\ford03.dat                                 
                                          SEMILLA: 95926126                                         
                                                K: 5                                                
                                        maxIteraciones: 5000                                        
----------------------------------------------------------------------------------------------------
 Asignación Inicial: [7, 23, 28, 17, 27, 6, 30, 16, 10, 29, 1, 4, 3, 12, 18, 25, 8, 22, 24, 14, 2, 20, 13, 9, 11, 21, 15, 26, 5, 19]
 Costo Inicial: 13736

	Iteración 1: cambia el par (10,7)
	Asignación: [10, 23, 28, 17, 27, 6, 30, 16, 7, 29, 1, 4, 3, 12, 18, 25, 8, 22, 24, 14, 2, 20, 13, 9, 11, 21, 15, 26, 5, 19]
	Costo: 13696

	Iteración 2: cambia el par (28,23)
	Asignación: [10, 28, 23, 17, 27, 6, 30, 16, 7, 29, 1, 4, 3, 12, 18, 25, 8, 22, 24, 14, 2, 20, 13, 9, 11, 21, 15, 26, 5, 19]
	Costo: 13626

 Asignación: [10, 28, 23, 17, 27, 6, 30, 16, 7, 29, 1, 4, 3, 12, 18, 25, 8, 22, 24, 14, 2, 20, 13, 9, 11, 21, 15, 26, 5, 19]
 Costo: 13626
 Tiempo de ejecución: 5.3170s