--------------------------------- LOGS ALGORITMO BUSQUEDA_LOCAL_DLB---------------------------------
                                 ARCHIVO DE DATOS: datos\ford04.dat                                 
                                          SEMILLA: 55133122                                         
                                                K: 5                                                
                                        maxIteraciones: 5000                                        
----------------------------------------------------------------------------------------------------
 Asignación Inicial: [15, 9, 23, 10, 5, 28, 18, 6, 26, 1, 11, 13, 21, 14, 7, 22, 3, 8, 20, 19, 4, 2, 17, 29, 25, 30, 24, 27, 16, 12]
 Costo Inicial: 191842

	Iteración 1: cambia el par (9,15)
	Asignación: [9, 15, 23, 10, 5, 28, 18, 6, 26, 1, 11, 13, 21, 14, 7, 22, 3, 8, 20, 19, 4, 2, 17, 29, 25, 30, 24, 27, 16, 12]
	Costo: 191040

	Iteración 2: cambia el par (23,15)
	Asignación: [9, 23, 15, 10, 5, 28, 18, 6, 26, 1, 11, 13, 21, 14, 7, 22, 3, 8, 20, 19, 4, 2, 17, 29, 25, 30, 24, 27, 16, 12]
	Costo: 189270

	Iteración 3: cambia el par (25,1)
	Asignación: [9, 23, 15, 10, 5, 28, 18, 6, 26, 25, 11, 13, 21, 14, 7, 22, 3, 8, 20, 19, 4, 2, 17, 29, 1, 30, 24, 27, 16, 12]
	Costo: 187412

	Iteración 4: cambia el par (30,11)
	Asignación: [9, 23, 15, 10, 5, 28, 18, 6, 26, 25, 30, 13, 21, 14, 7, 22, 3, 8, 20, 19, 4, 2, 17, 29, 1, 11, 24, 27, 16, 12]
	Costo: 185384

 Asignación: [9, 23, 15, 10, 5, 28, 18, 6, 26, 25, 30, 13, 21, 14, 7, 22, 3, 8, 20, 19, 4, 2, 17, 29, 1, 11, 24, 27, 16, 12]
 Costo: 185384
 Tiempo de ejecución: 5.4643s