--------------------------------- LOGS ALGORITMO BUSQUEDA_LOCAL_DLB---------------------------------
                                 ARCHIVO DE DATOS: datos\ford03.dat                                 
                                          SEMILLA: 13355122                                         
                                                K: 5                                                
----------------------------------------------------------------------------------------------------
 Asignación Inicial: [23, 6, 9, 29, 13, 12, 15, 14, 17, 22, 28, 4, 11, 7, 27, 25, 2, 24, 20, 16, 26, 3, 8, 5, 1, 18, 21, 10, 19, 30]
 Costo Inicial: 13720

	Iteración 1: cambia el par (6,23)
	Asignación: [6, 23, 9, 29, 13, 12, 15, 14, 17, 22, 28, 4, 11, 7, 27, 25, 2, 24, 20, 16, 26, 3, 8, 5, 1, 18, 21, 10, 19, 30]
	Costo: 13656

	Iteración 2: cambia el par (25,9)
	Asignación: [6, 23, 25, 29, 13, 12, 15, 14, 17, 22, 28, 4, 11, 7, 27, 9, 2, 24, 20, 16, 26, 3, 8, 5, 1, 18, 21, 10, 19, 30]
	Costo: 13640

	Iteración 3: cambia el par (14,29)
	Asignación: [6, 23, 25, 14, 13, 12, 15, 29, 17, 22, 28, 4, 11, 7, 27, 9, 2, 24, 20, 16, 26, 3, 8, 5, 1, 18, 21, 10, 19, 30]
	Costo: 13634

	Iteración 4: cambia el par (18,12)
	Asignación: [6, 23, 25, 14, 13, 18, 15, 29, 17, 22, 28, 4, 11, 7, 27, 9, 2, 24, 20, 16, 26, 3, 8, 5, 1, 12, 21, 10, 19, 30]
	Costo: 13616

	Iteración 5: cambia el par (28,15)
	Asignación: [6, 23, 25, 14, 13, 18, 28, 29, 17, 22, 15, 4, 11, 7, 27, 9, 2, 24, 20, 16, 26, 3, 8, 5, 1, 12, 21, 10, 19, 30]
	Costo: 13614

	Iteración 6: cambia el par (10,29)
	Asignación: [6, 23, 25, 14, 13, 18, 28, 10, 17, 22, 15, 4, 11, 7, 27, 9, 2, 24, 20, 16, 26, 3, 8, 5, 1, 12, 21, 29, 19, 30]
	Costo: 13580

	Iteración 7: cambia el par (22,17)
	Asignación: [6, 23, 25, 14, 13, 18, 28, 10, 22, 17, 15, 4, 11, 7, 27, 9, 2, 24, 20, 16, 26, 3, 8, 5, 1, 12, 21, 29, 19, 30]
	Costo: 13566

	Iteración 8: cambia el par (15,17)
	Asignación: [6, 23, 25, 14, 13, 18, 28, 10, 22, 15, 17, 4, 11, 7, 27, 9, 2, 24, 20, 16, 26, 3, 8, 5, 1, 12, 21, 29, 19, 30]
	Costo: 13558

	Iteración 9: cambia el par (16,17)
	Asignación: [6, 23, 25, 14, 13, 18, 28, 10, 22, 15, 16, 4, 11, 7, 27, 9, 2, 24, 20, 17, 26, 3, 8, 5, 1, 12, 21, 29, 19, 30]
	Costo: 13542

	Iteración 10: cambia el par (1,4)
	Asignación: [6, 23, 25, 14, 13, 18, 28, 10, 22, 15, 16, 1, 11, 7, 27, 9, 2, 24, 20, 17, 26, 3, 8, 5, 4, 12, 21, 29, 19, 30]
	Costo: 13534

	Iteración 11: cambia el par (14,7)
	Asignación: [6, 23, 25, 7, 13, 18, 28, 10, 22, 15, 16, 1, 11, 14, 27, 9, 2, 24, 20, 17, 26, 3, 8, 5, 4, 12, 21, 29, 19, 30]
	Costo: 13518

	Iteración 12: cambia el par (1,9)
	Asignación: [6, 23, 25, 7, 13, 18, 28, 10, 22, 15, 16, 9, 11, 14, 27, 1, 2, 24, 20, 17, 26, 3, 8, 5, 4, 12, 21, 29, 19, 30]
	Costo: 13500

	Iteración 13: cambia el par (17,2)
	Asignación: [6, 23, 25, 7, 13, 18, 28, 10, 22, 15, 16, 9, 11, 14, 27, 1, 17, 24, 20, 2, 26, 3, 8, 5, 4, 12, 21, 29, 19, 30]
	Costo: 13488

	Iteración 14: cambia el par (5,24)
	Asignación: [6, 23, 25, 7, 13, 18, 28, 10, 22, 15, 16, 9, 11, 14, 27, 1, 17, 5, 20, 2, 26, 3, 8, 24, 4, 12, 21, 29, 19, 30]
	Costo: 13476

	Iteración 15: cambia el par (17,26)
	Asignación: [6, 23, 25, 7, 13, 18, 28, 10, 22, 15, 16, 9, 11, 14, 27, 1, 26, 5, 20, 2, 17, 3, 8, 24, 4, 12, 21, 29, 19, 30]
	Costo: 13470

	Iteración 16: cambia el par (13,3)
	Asignación: [6, 23, 25, 7, 3, 18, 28, 10, 22, 15, 16, 9, 11, 14, 27, 1, 26, 5, 20, 2, 17, 13, 8, 24, 4, 12, 21, 29, 19, 30]
	Costo: 13462

	Iteración 17: cambia el par (12,24)
	Asignación: [6, 23, 25, 7, 3, 18, 28, 10, 22, 15, 16, 9, 11, 14, 27, 1, 26, 5, 20, 2, 17, 13, 8, 12, 4, 24, 21, 29, 19, 30]
	Costo: 13450

	Iteración 18: cambia el par (28,4)
	Asignación: [6, 23, 25, 7, 3, 18, 4, 10, 22, 15, 16, 9, 11, 14, 27, 1, 26, 5, 20, 2, 17, 13, 8, 12, 28, 24, 21, 29, 19, 30]
	Costo: 13446

	Iteración 19: cambia el par (4,21)
	Asignación: [6, 23, 25, 7, 3, 18, 21, 10, 22, 15, 16, 9, 11, 14, 27, 1, 26, 5, 20, 2, 17, 13, 8, 12, 28, 24, 4, 29, 19, 30]
	Costo: 13438

	Iteración 20: cambia el par (30,29)
	Asignación: [6, 23, 25, 7, 3, 18, 21, 10, 22, 15, 16, 9, 11, 14, 27, 1, 26, 5, 20, 2, 17, 13, 8, 12, 28, 24, 4, 30, 19, 29]
	Costo: 13424

	Iteración 21: cambia el par (5,19)
	Asignación: [6, 23, 25, 7, 3, 18, 21, 10, 22, 15, 16, 9, 11, 14, 27, 1, 26, 19, 20, 2, 17, 13, 8, 12, 28, 24, 4, 30, 5, 29]
	Costo: 13422

 Asignación: [6, 23, 25, 7, 3, 18, 21, 10, 22, 15, 16, 9, 11, 14, 27, 1, 26, 19, 20, 2, 17, 13, 8, 12, 28, 24, 4, 30, 5, 29]
 Costo: 13422
 Tiempo de ejecución: 5.4600s