--------------------------------- LOGS ALGORITMO BUSQUEDA_LOCAL_DLB---------------------------------
                                 ARCHIVO DE DATOS: datos\ford03.dat                                 
                                          SEMILLA: 15533122                                         
                                                K: 5                                                
----------------------------------------------------------------------------------------------------
 Asignación Inicial: [10, 1, 23, 19, 27, 18, 13, 3, 22, 17, 6, 21, 24, 30, 28, 16, 15, 29, 12, 11, 4, 20, 5, 9, 7, 8, 25, 26, 14, 2]
 Costo Inicial: 13812

	Iteración 1: cambia el par (18,10)
	Asignación: [18, 1, 23, 19, 27, 10, 13, 3, 22, 17, 6, 21, 24, 30, 28, 16, 15, 29, 12, 11, 4, 20, 5, 9, 7, 8, 25, 26, 14, 2]
	Costo: 13796

	Iteración 2: cambia el par (23,1)
	Asignación: [18, 23, 1, 19, 27, 10, 13, 3, 22, 17, 6, 21, 24, 30, 28, 16, 15, 29, 12, 11, 4, 20, 5, 9, 7, 8, 25, 26, 14, 2]
	Costo: 13768

	Iteración 3: cambia el par (27,1)
	Asignación: [18, 23, 27, 19, 1, 10, 13, 3, 22, 17, 6, 21, 24, 30, 28, 16, 15, 29, 12, 11, 4, 20, 5, 9, 7, 8, 25, 26, 14, 2]
	Costo: 13752

	Iteración 4: cambia el par (16,19)
	Asignación: [18, 23, 27, 16, 1, 10, 13, 3, 22, 17, 6, 21, 24, 30, 28, 19, 15, 29, 12, 11, 4, 20, 5, 9, 7, 8, 25, 26, 14, 2]
	Costo: 13706

	Iteración 5: cambia el par (30,1)
	Asignación: [18, 23, 27, 16, 30, 10, 13, 3, 22, 17, 6, 21, 24, 1, 28, 19, 15, 29, 12, 11, 4, 20, 5, 9, 7, 8, 25, 26, 14, 2]
	Costo: 13698

	Iteración 6: cambia el par (13,10)
	Asignación: [18, 23, 27, 16, 30, 13, 10, 3, 22, 17, 6, 21, 24, 1, 28, 19, 15, 29, 12, 11, 4, 20, 5, 9, 7, 8, 25, 26, 14, 2]
	Costo: 13694

	Iteración 7: cambia el par (6,10)
	Asignación: [18, 23, 27, 16, 30, 13, 6, 3, 22, 17, 10, 21, 24, 1, 28, 19, 15, 29, 12, 11, 4, 20, 5, 9, 7, 8, 25, 26, 14, 2]
	Costo: 13684

	Iteración 8: cambia el par (5,3)
	Asignación: [18, 23, 27, 16, 30, 13, 6, 5, 22, 17, 10, 21, 24, 1, 28, 19, 15, 29, 12, 11, 4, 20, 3, 9, 7, 8, 25, 26, 14, 2]
	Costo: 13660

	Iteración 9: cambia el par (21,22)
	Asignación: [18, 23, 27, 16, 30, 13, 6, 5, 21, 17, 10, 22, 24, 1, 28, 19, 15, 29, 12, 11, 4, 20, 3, 9, 7, 8, 25, 26, 14, 2]
	Costo: 13640

	Iteración 10: cambia el par (24,17)
	Asignación: [18, 23, 27, 16, 30, 13, 6, 5, 21, 24, 10, 22, 17, 1, 28, 19, 15, 29, 12, 11, 4, 20, 3, 9, 7, 8, 25, 26, 14, 2]
	Costo: 13626

	Iteración 11: cambia el par (25,10)
	Asignación: [18, 23, 27, 16, 30, 13, 6, 5, 21, 24, 25, 22, 17, 1, 28, 19, 15, 29, 12, 11, 4, 20, 3, 9, 7, 8, 10, 26, 14, 2]
	Costo: 13596

	Iteración 12: cambia el par (7,22)
	Asignación: [18, 23, 27, 16, 30, 13, 6, 5, 21, 24, 25, 7, 17, 1, 28, 19, 15, 29, 12, 11, 4, 20, 3, 9, 22, 8, 10, 26, 14, 2]
	Costo: 13580

	Iteración 13: cambia el par (11,17)
	Asignación: [18, 23, 27, 16, 30, 13, 6, 5, 21, 24, 25, 7, 11, 1, 28, 19, 15, 29, 12, 17, 4, 20, 3, 9, 22, 8, 10, 26, 14, 2]
	Costo: 13570

	Iteración 14: cambia el par (26,1)
	Asignación: [18, 23, 27, 16, 30, 13, 6, 5, 21, 24, 25, 7, 11, 26, 28, 19, 15, 29, 12, 17, 4, 20, 3, 9, 22, 8, 10, 1, 14, 2]
	Costo: 13564

	Iteración 15: cambia el par (4,28)
	Asignación: [18, 23, 27, 16, 30, 13, 6, 5, 21, 24, 25, 7, 11, 26, 4, 19, 15, 29, 12, 17, 28, 20, 3, 9, 22, 8, 10, 1, 14, 2]
	Costo: 13562

	Iteración 16: cambia el par (17,29)
	Asignación: [18, 23, 27, 16, 30, 13, 6, 5, 21, 24, 25, 7, 11, 26, 4, 19, 15, 17, 12, 29, 28, 20, 3, 9, 22, 8, 10, 1, 14, 2]
	Costo: 13552

	Iteración 17: cambia el par (9,12)
	Asignación: [18, 23, 27, 16, 30, 13, 6, 5, 21, 24, 25, 7, 11, 26, 4, 19, 15, 17, 9, 29, 28, 20, 3, 12, 22, 8, 10, 1, 14, 2]
	Costo: 13546

	Iteración 18: cambia el par (28,29)
	Asignación: [18, 23, 27, 16, 30, 13, 6, 5, 21, 24, 25, 7, 11, 26, 4, 19, 15, 17, 9, 28, 29, 20, 3, 12, 22, 8, 10, 1, 14, 2]
	Costo: 13526

	Iteración 19: cambia el par (5,3)
	Asignación: [18, 23, 27, 16, 30, 13, 6, 3, 21, 24, 25, 7, 11, 26, 4, 19, 15, 17, 9, 28, 29, 20, 5, 12, 22, 8, 10, 1, 14, 2]
	Costo: 13524

	Iteración 20: cambia el par (18,12)
	Asignación: [12, 23, 27, 16, 30, 13, 6, 3, 21, 24, 25, 7, 11, 26, 4, 19, 15, 17, 9, 28, 29, 20, 5, 18, 22, 8, 10, 1, 14, 2]
	Costo: 13510

	Iteración 21: cambia el par (4,8)
	Asignación: [12, 23, 27, 16, 30, 13, 6, 3, 21, 24, 25, 7, 11, 26, 8, 19, 15, 17, 9, 28, 29, 20, 5, 18, 22, 4, 10, 1, 14, 2]
	Costo: 13508

	Iteración 22: cambia el par (6,1)
	Asignación: [12, 23, 27, 16, 30, 13, 1, 3, 21, 24, 25, 7, 11, 26, 8, 19, 15, 17, 9, 28, 29, 20, 5, 18, 22, 4, 10, 6, 14, 2]
	Costo: 13506

	Iteración 23: cambia el par (24,14)
	Asignación: [12, 23, 27, 16, 30, 13, 1, 3, 21, 14, 25, 7, 11, 26, 8, 19, 15, 17, 9, 28, 29, 20, 5, 18, 22, 4, 10, 6, 24, 2]
	Costo: 13490

 Asignación: [12, 23, 27, 16, 30, 13, 1, 3, 21, 14, 25, 7, 11, 26, 8, 19, 15, 17, 9, 28, 29, 20, 5, 18, 22, 4, 10, 6, 24, 2]
 Costo: 13490
 Tiempo de ejecución: 5.7747s