--------------------------------- LOGS ALGORITMO BUSQUEDA_LOCAL_DLB---------------------------------
                                 ARCHIVO DE DATOS: datos\ford03.dat                                 
                                          SEMILLA: 26959126                                         
                                                K: 5                                                
                                        maxIteraciones: 5000                                        
----------------------------------------------------------------------------------------------------
 Asignación Inicial: [18, 1, 22, 19, 27, 28, 12, 20, 14, 5, 15, 8, 30, 10, 13, 17, 4, 6, 16, 11, 24, 3, 21, 26, 25, 9, 23, 7, 29, 2]
 Costo Inicial: 13704

	Iteración 1: cambia el par (22,18)
	Asignación: [22, 1, 18, 19, 27, 28, 12, 20, 14, 5, 15, 8, 30, 10, 13, 17, 4, 6, 16, 11, 24, 3, 21, 26, 25, 9, 23, 7, 29, 2]
	Costo: 13688

	Iteración 2: cambia el par (27,1)
	Asignación: [22, 27, 18, 19, 1, 28, 12, 20, 14, 5, 15, 8, 30, 10, 13, 17, 4, 6, 16, 11, 24, 3, 21, 26, 25, 9, 23, 7, 29, 2]
	Costo: 13636

	Iteración 3: cambia el par (10,14)
	Asignación: [22, 27, 18, 19, 1, 28, 12, 20, 10, 5, 15, 8, 30, 14, 13, 17, 4, 6, 16, 11, 24, 3, 21, 26, 25, 9, 23, 7, 29, 2]
	Costo: 13568

 Asignación: [22, 27, 18, 19, 1, 28, 12, 20, 10, 5, 15, 8, 30, 14, 13, 17, 4, 6, 16, 11, 24, 3, 21, 26, 25, 9, 23, 7, 29, 2]
 Costo: 13568
 Tiempo de ejecución: 5.0230s