--------------------------------- LOGS ALGORITMO BUSQUEDA_LOCAL_DLB---------------------------------
                                 ARCHIVO DE DATOS: datos\ford04.dat                                 
                                          SEMILLA: 15522133                                         
                                                K: 5                                                
                                        maxIteraciones: 5000                                        
----------------------------------------------------------------------------------------------------
 Asignación Inicial: [28, 6, 26, 15, 30, 18, 8, 9, 16, 27, 29, 3, 13, 19, 25, 12, 20, 23, 5, 2, 1, 14, 10, 11, 22, 24, 21, 4, 17, 7]
 Costo Inicial: 191866

	Iteración 1: cambia el par (6,28)
	Asignación: [6, 28, 26, 15, 30, 18, 8, 9, 16, 27, 29, 3, 13, 19, 25, 12, 20, 23, 5, 2, 1, 14, 10, 11, 22, 24, 21, 4, 17, 7]
	Costo: 190986

	Iteración 2: cambia el par (30,28)
	Asignación: [6, 30, 26, 15, 28, 18, 8, 9, 16, 27, 29, 3, 13, 19, 25, 12, 20, 23, 5, 2, 1, 14, 10, 11, 22, 24, 21, 4, 17, 7]
	Costo: 191792

	Iteración 3: cambia el par (16,26)
	Asignación: [6, 30, 16, 15, 28, 18, 8, 9, 26, 27, 29, 3, 13, 19, 25, 12, 20, 23, 5, 2, 1, 14, 10, 11, 22, 24, 21, 4, 17, 7]
	Costo: 191258

	Iteración 4: cambia el par (25,15)
	Asignación: [6, 30, 16, 25, 28, 18, 8, 9, 26, 27, 29, 3, 13, 19, 15, 12, 20, 23, 5, 2, 1, 14, 10, 11, 22, 24, 21, 4, 17, 7]
	Costo: 190540

	Iteración 5: cambia el par (12,28)
	Asignación: [6, 30, 16, 25, 12, 18, 8, 9, 26, 27, 29, 3, 13, 19, 15, 28, 20, 23, 5, 2, 1, 14, 10, 11, 22, 24, 21, 4, 17, 7]
	Costo: 191704

	Iteración 6: cambia el par (13,18)
	Asignación: [6, 30, 16, 25, 12, 13, 8, 9, 26, 27, 29, 3, 18, 19, 15, 28, 20, 23, 5, 2, 1, 14, 10, 11, 22, 24, 21, 4, 17, 7]
	Costo: 191786

	Iteración 7: cambia el par (9,8)
	Asignación: [6, 30, 16, 25, 12, 13, 9, 8, 26, 27, 29, 3, 18, 19, 15, 28, 20, 23, 5, 2, 1, 14, 10, 11, 22, 24, 21, 4, 17, 7]
	Costo: 191468

	Iteración 8: cambia el par (27,8)
	Asignación: [6, 30, 16, 25, 12, 13, 9, 27, 26, 8, 29, 3, 18, 19, 15, 28, 20, 23, 5, 2, 1, 14, 10, 11, 22, 24, 21, 4, 17, 7]
	Costo: 191630

	Iteración 9: cambia el par (8,26)
	Asignación: [6, 30, 16, 25, 12, 13, 9, 27, 8, 26, 29, 3, 18, 19, 15, 28, 20, 23, 5, 2, 1, 14, 10, 11, 22, 24, 21, 4, 17, 7]
	Costo: 191674

	Iteración 10: cambia el par (10,26)
	Asignación: [6, 30, 16, 25, 12, 13, 9, 27, 8, 10, 29, 3, 18, 19, 15, 28, 20, 23, 5, 2, 1, 14, 26, 11, 22, 24, 21, 4, 17, 7]
	Costo: 189540

	Iteración 11: cambia el par (18,29)
	Asignación: [6, 30, 16, 25, 12, 13, 9, 27, 8, 10, 18, 3, 29, 19, 15, 28, 20, 23, 5, 2, 1, 14, 26, 11, 22, 24, 21, 4, 17, 7]
	Costo: 191450

	Iteración 12: cambia el par (5,3)
	Asignación: [6, 30, 16, 25, 12, 13, 9, 27, 8, 10, 18, 5, 29, 19, 15, 28, 20, 23, 3, 2, 1, 14, 26, 11, 22, 24, 21, 4, 17, 7]
	Costo: 190138

	Iteración 13: cambia el par (1,29)
	Asignación: [6, 30, 16, 25, 12, 13, 9, 27, 8, 10, 18, 5, 1, 19, 15, 28, 20, 23, 3, 2, 29, 14, 26, 11, 22, 24, 21, 4, 17, 7]
	Costo: 191478

	Iteración 14: cambia el par (21,19)
	Asignación: [6, 30, 16, 25, 12, 13, 9, 27, 8, 10, 18, 5, 1, 21, 15, 28, 20, 23, 3, 2, 29, 14, 26, 11, 22, 24, 19, 4, 17, 7]
	Costo: 191484

	Iteración 15: cambia el par (20,28)
	Asignación: [6, 30, 16, 25, 12, 13, 9, 27, 8, 10, 18, 5, 1, 21, 15, 20, 28, 23, 3, 2, 29, 14, 26, 11, 22, 24, 19, 4, 17, 7]
	Costo: 191810

	Iteración 16: cambia el par (24,28)
	Asignación: [6, 30, 16, 25, 12, 13, 9, 27, 8, 10, 18, 5, 1, 21, 15, 20, 24, 23, 3, 2, 29, 14, 26, 11, 22, 28, 19, 4, 17, 7]
	Costo: 191450

	Iteración 17: cambia el par (1,23)
	Asignación: [6, 30, 16, 25, 12, 13, 9, 27, 8, 10, 18, 5, 23, 21, 15, 20, 24, 1, 3, 2, 29, 14, 26, 11, 22, 28, 19, 4, 17, 7]
	Costo: 191822

	Iteración 18: cambia el par (11,2)
	Asignación: [6, 30, 16, 25, 12, 13, 9, 27, 8, 10, 18, 5, 23, 21, 15, 20, 24, 1, 3, 11, 29, 14, 26, 2, 22, 28, 19, 4, 17, 7]
	Costo: 191830

	Iteración 19: cambia el par (14,29)
	Asignación: [6, 30, 16, 25, 12, 13, 9, 27, 8, 10, 18, 5, 23, 21, 15, 20, 24, 1, 3, 11, 14, 29, 26, 2, 22, 28, 19, 4, 17, 7]
	Costo: 191812

	Iteración 20: cambia el par (6,29)
	Asignación: [29, 30, 16, 25, 12, 13, 9, 27, 8, 10, 18, 5, 23, 21, 15, 20, 24, 1, 3, 11, 14, 6, 26, 2, 22, 28, 19, 4, 17, 7]
	Costo: 191300

	Iteración 21: cambia el par (17,2)
	Asignación: [29, 30, 16, 25, 12, 13, 9, 27, 8, 10, 18, 5, 23, 21, 15, 20, 24, 1, 3, 11, 14, 6, 26, 17, 22, 28, 19, 4, 2, 7]
	Costo: 191818

	Iteración 22: cambia el par (21,22)
	Asignación: [29, 30, 16, 25, 12, 13, 9, 27, 8, 10, 18, 5, 23, 22, 15, 20, 24, 1, 3, 11, 14, 6, 26, 17, 21, 28, 19, 4, 2, 7]
	Costo: 191308

	Iteración 23: cambia el par (27,28)
	Asignación: [29, 30, 16, 25, 12, 13, 9, 28, 8, 10, 18, 5, 23, 22, 15, 20, 24, 1, 3, 11, 14, 6, 26, 17, 21, 27, 19, 4, 2, 7]
	Costo: 191808

	Iteración 24: cambia el par (4,19)
	Asignación: [29, 30, 16, 25, 12, 13, 9, 28, 8, 10, 18, 5, 23, 22, 15, 20, 24, 1, 3, 11, 14, 6, 26, 17, 21, 27, 4, 19, 2, 7]
	Costo: 191780

	Iteración 25: cambia el par (28,2)
	Asignación: [29, 30, 16, 25, 12, 13, 9, 2, 8, 10, 18, 5, 23, 22, 15, 20, 24, 1, 3, 11, 14, 6, 26, 17, 21, 27, 4, 19, 28, 7]
	Costo: 191416

	Iteración 26: cambia el par (5,12)
	Asignación: [29, 30, 16, 25, 5, 13, 9, 2, 8, 10, 18, 12, 23, 22, 15, 20, 24, 1, 3, 11, 14, 6, 26, 17, 21, 27, 4, 19, 28, 7]
	Costo: 191314

	Iteración 27: cambia el par (12,2)
	Asignación: [29, 30, 16, 25, 5, 13, 9, 12, 8, 10, 18, 2, 23, 22, 15, 20, 24, 1, 3, 11, 14, 6, 26, 17, 21, 27, 4, 19, 28, 7]
	Costo: 191760

	Iteración 28: cambia el par (11,18)
	Asignación: [29, 30, 16, 25, 5, 13, 9, 12, 8, 10, 11, 2, 23, 22, 15, 20, 24, 1, 3, 18, 14, 6, 26, 17, 21, 27, 4, 19, 28, 7]
	Costo: 191372

	Iteración 29: cambia el par (20,2)
	Asignación: [29, 30, 16, 25, 5, 13, 9, 12, 8, 10, 11, 20, 23, 22, 15, 2, 24, 1, 3, 18, 14, 6, 26, 17, 21, 27, 4, 19, 28, 7]
	Costo: 191808

	Iteración 30: cambia el par (3,2)
	Asignación: [29, 30, 16, 25, 5, 13, 9, 12, 8, 10, 11, 20, 23, 22, 15, 3, 24, 1, 2, 18, 14, 6, 26, 17, 21, 27, 4, 19, 28, 7]
	Costo: 191560

	Iteración 31: cambia el par (9,1)
	Asignación: [29, 30, 16, 25, 5, 13, 1, 12, 8, 10, 11, 20, 23, 22, 15, 3, 24, 9, 2, 18, 14, 6, 26, 17, 21, 27, 4, 19, 28, 7]
	Costo: 191618

	Iteración 32: cambia el par (6,18)
	Asignación: [29, 30, 16, 25, 5, 13, 1, 12, 8, 10, 11, 20, 23, 22, 15, 3, 24, 9, 2, 6, 14, 18, 26, 17, 21, 27, 4, 19, 28, 7]
	Costo: 191334

	Iteración 33: cambia el par (25,6)
	Asignación: [29, 30, 16, 6, 5, 13, 1, 12, 8, 10, 11, 20, 23, 22, 15, 3, 24, 9, 2, 25, 14, 18, 26, 17, 21, 27, 4, 19, 28, 7]
	Costo: 191538

 Asignación: [29, 30, 16, 6, 5, 13, 1, 12, 8, 10, 11, 20, 23, 22, 15, 3, 24, 9, 2, 25, 14, 18, 26, 17, 21, 27, 4, 19, 28, 7]
 Costo: 177674
 Tiempo de ejecución: 5.8870s