--------------------------------- LOGS ALGORITMO BUSQUEDA_LOCAL_DLB---------------------------------
                                 ARCHIVO DE DATOS: datos\ford03.dat                                 
                                          SEMILLA: 12255133                                         
                                                K: 5                                                
                                        maxIteraciones: 5000                                        
----------------------------------------------------------------------------------------------------
 Asignación Inicial: [6, 13, 17, 3, 1, 4, 8, 11, 29, 7, 27, 15, 19, 23, 18, 12, 5, 16, 9, 20, 25, 2, 24, 14, 28, 30, 21, 22, 26, 10]
 Costo Inicial: 13788

	Iteración 1: cambia el par (4,6)
	Asignación: [4, 13, 17, 3, 1, 6, 8, 11, 29, 7, 27, 15, 19, 23, 18, 12, 5, 16, 9, 20, 25, 2, 24, 14, 28, 30, 21, 22, 26, 10]
	Costo: 13784

	Iteración 2: cambia el par (6,13)
	Asignación: [4, 6, 17, 3, 1, 13, 8, 11, 29, 7, 27, 15, 19, 23, 18, 12, 5, 16, 9, 20, 25, 2, 24, 14, 28, 30, 21, 22, 26, 10]
	Costo: 13764

	Iteración 3: cambia el par (19,17)
	Asignación: [4, 6, 19, 3, 1, 13, 8, 11, 29, 7, 27, 15, 17, 23, 18, 12, 5, 16, 9, 20, 25, 2, 24, 14, 28, 30, 21, 22, 26, 10]
	Costo: 13740

	Iteración 4: cambia el par (23,3)
	Asignación: [4, 6, 19, 23, 1, 13, 8, 11, 29, 7, 27, 15, 17, 3, 18, 12, 5, 16, 9, 20, 25, 2, 24, 14, 28, 30, 21, 22, 26, 10]
	Costo: 13712

	Iteración 5: cambia el par (6,8)
	Asignación: [4, 8, 19, 23, 1, 13, 6, 11, 29, 7, 27, 15, 17, 3, 18, 12, 5, 16, 9, 20, 25, 2, 24, 14, 28, 30, 21, 22, 26, 10]
	Costo: 13676

	Iteración 6: cambia el par (30,11)
	Asignación: [4, 8, 19, 23, 1, 13, 6, 30, 29, 7, 27, 15, 17, 3, 18, 12, 5, 16, 9, 20, 25, 2, 24, 14, 28, 11, 21, 22, 26, 10]
	Costo: 13624

	Iteración 7: cambia el par (24,15)
	Asignación: [4, 8, 19, 23, 1, 13, 6, 30, 29, 7, 27, 24, 17, 3, 18, 12, 5, 16, 9, 20, 25, 2, 15, 14, 28, 11, 21, 22, 26, 10]
	Costo: 13568

 Asignación: [4, 8, 19, 23, 1, 13, 6, 30, 29, 7, 27, 24, 17, 3, 18, 12, 5, 16, 9, 20, 25, 2, 15, 14, 28, 11, 21, 22, 26, 10]
 Costo: 13568
 Tiempo de ejecución: 5.3177s