--------------------------------- LOGS ALGORITMO BUSQUEDA_LOCAL_DLB---------------------------------
                                 ARCHIVO DE DATOS: datos\ford03.dat                                 
                                          SEMILLA: 55133122                                         
                                                K: 5                                                
                                        maxIteraciones: 5000                                        
----------------------------------------------------------------------------------------------------
 Asignación Inicial: [1, 10, 30, 3, 27, 15, 17, 16, 19, 12, 24, 6, 20, 13, 28, 2, 5, 11, 9, 14, 25, 22, 21, 26, 4, 7, 8, 18, 23, 29]
 Costo Inicial: 13858

	Iteración 1: cambia el par (10,1)
	Asignación: [10, 1, 30, 3, 27, 15, 17, 16, 19, 12, 24, 6, 20, 13, 28, 2, 5, 11, 9, 14, 25, 22, 21, 26, 4, 7, 8, 18, 23, 29]
	Costo: 13850

	Iteración 2: cambia el par (9,1)
	Asignación: [10, 9, 30, 3, 27, 15, 17, 16, 19, 12, 24, 6, 20, 13, 28, 2, 5, 11, 1, 14, 25, 22, 21, 26, 4, 7, 8, 18, 23, 29]
	Costo: 13824

	Iteración 3: cambia el par (15,30)
	Asignación: [10, 9, 15, 3, 27, 30, 17, 16, 19, 12, 24, 6, 20, 13, 28, 2, 5, 11, 1, 14, 25, 22, 21, 26, 4, 7, 8, 18, 23, 29]
	Costo: 13748

	Iteración 4: cambia el par (22,30)
	Asignación: [10, 9, 15, 3, 27, 22, 17, 16, 19, 12, 24, 6, 20, 13, 28, 2, 5, 11, 1, 14, 25, 30, 21, 26, 4, 7, 8, 18, 23, 29]
	Costo: 13650

 Asignación: [10, 9, 15, 3, 27, 22, 17, 16, 19, 12, 24, 6, 20, 13, 28, 2, 5, 11, 1, 14, 25, 30, 21, 26, 4, 7, 8, 18, 23, 29]
 Costo: 13650
 Tiempo de ejecución: 5.2619s