--------------------------------- LOGS ALGORITMO BUSQUEDA_LOCAL_DLB---------------------------------
                                 ARCHIVO DE DATOS: datos\ford04.dat                                 
                                          SEMILLA: 15533122                                         
                                                K: 5                                                
----------------------------------------------------------------------------------------------------
 Asignación Inicial: [18, 12, 14, 1, 15, 28, 26, 21, 9, 10, 29, 30, 5, 11, 8, 20, 19, 25, 24, 22, 7, 16, 13, 2, 4, 23, 6, 27, 3, 17]
 Costo Inicial: 189210

	Iteración 1: cambia el par (14,18)
	Asignación: [14, 12, 18, 1, 15, 28, 26, 21, 9, 10, 29, 30, 5, 11, 8, 20, 19, 25, 24, 22, 7, 16, 13, 2, 4, 23, 6, 27, 3, 17]
	Costo: 189162

	Iteración 2: cambia el par (28,12)
	Asignación: [14, 28, 18, 1, 15, 12, 26, 21, 9, 10, 29, 30, 5, 11, 8, 20, 19, 25, 24, 22, 7, 16, 13, 2, 4, 23, 6, 27, 3, 17]
	Costo: 188700

	Iteración 3: cambia el par (26,18)
	Asignación: [14, 28, 26, 1, 15, 12, 18, 21, 9, 10, 29, 30, 5, 11, 8, 20, 19, 25, 24, 22, 7, 16, 13, 2, 4, 23, 6, 27, 3, 17]
	Costo: 187878

	Iteración 4: cambia el par (21,15)
	Asignación: [14, 28, 26, 1, 21, 12, 18, 15, 9, 10, 29, 30, 5, 11, 8, 20, 19, 25, 24, 22, 7, 16, 13, 2, 4, 23, 6, 27, 3, 17]
	Costo: 187728

	Iteración 5: cambia el par (25,12)
	Asignación: [14, 28, 26, 1, 21, 25, 18, 15, 9, 10, 29, 30, 5, 11, 8, 20, 19, 12, 24, 22, 7, 16, 13, 2, 4, 23, 6, 27, 3, 17]
	Costo: 186862

	Iteración 6: cambia el par (30,18)
	Asignación: [14, 28, 26, 1, 21, 25, 30, 15, 9, 10, 29, 18, 5, 11, 8, 20, 19, 12, 24, 22, 7, 16, 13, 2, 4, 23, 6, 27, 3, 17]
	Costo: 186624

	Iteración 7: cambia el par (18,15)
	Asignación: [14, 28, 26, 1, 21, 25, 30, 18, 9, 10, 29, 15, 5, 11, 8, 20, 19, 12, 24, 22, 7, 16, 13, 2, 4, 23, 6, 27, 3, 17]
	Costo: 186280

	Iteración 8: cambia el par (12,9)
	Asignación: [14, 28, 26, 1, 21, 25, 30, 18, 12, 10, 29, 15, 5, 11, 8, 20, 19, 9, 24, 22, 7, 16, 13, 2, 4, 23, 6, 27, 3, 17]
	Costo: 185938

	Iteración 9: cambia el par (8,10)
	Asignación: [14, 28, 26, 1, 21, 25, 30, 18, 12, 8, 29, 15, 5, 11, 10, 20, 19, 9, 24, 22, 7, 16, 13, 2, 4, 23, 6, 27, 3, 17]
	Costo: 185692

	Iteración 10: cambia el par (10,29)
	Asignación: [14, 28, 26, 1, 21, 25, 30, 18, 12, 8, 10, 15, 5, 11, 29, 20, 19, 9, 24, 22, 7, 16, 13, 2, 4, 23, 6, 27, 3, 17]
	Costo: 185490

	Iteración 11: cambia el par (19,15)
	Asignación: [14, 28, 26, 1, 21, 25, 30, 18, 12, 8, 10, 19, 5, 11, 29, 20, 15, 9, 24, 22, 7, 16, 13, 2, 4, 23, 6, 27, 3, 17]
	Costo: 184848

	Iteración 12: cambia el par (20,29)
	Asignación: [14, 28, 26, 1, 21, 25, 30, 18, 12, 8, 10, 19, 5, 11, 20, 29, 15, 9, 24, 22, 7, 16, 13, 2, 4, 23, 6, 27, 3, 17]
	Costo: 184612

	Iteración 13: cambia el par (18,29)
	Asignación: [14, 28, 26, 1, 21, 25, 30, 29, 12, 8, 10, 19, 5, 11, 20, 18, 15, 9, 24, 22, 7, 16, 13, 2, 4, 23, 6, 27, 3, 17]
	Costo: 184442

	Iteración 14: cambia el par (26,9)
	Asignación: [14, 28, 9, 1, 21, 25, 30, 29, 12, 8, 10, 19, 5, 11, 20, 18, 15, 26, 24, 22, 7, 16, 13, 2, 4, 23, 6, 27, 3, 17]
	Costo: 184354

	Iteración 15: cambia el par (9,22)
	Asignación: [14, 28, 22, 1, 21, 25, 30, 29, 12, 8, 10, 19, 5, 11, 20, 18, 15, 26, 24, 9, 7, 16, 13, 2, 4, 23, 6, 27, 3, 17]
	Costo: 183788

	Iteración 16: cambia el par (4,7)
	Asignación: [14, 28, 22, 1, 21, 25, 30, 29, 12, 8, 10, 19, 5, 11, 20, 18, 15, 26, 24, 9, 4, 16, 13, 2, 7, 23, 6, 27, 3, 17]
	Costo: 183622

	Iteración 17: cambia el par (19,13)
	Asignación: [14, 28, 22, 1, 21, 25, 30, 29, 12, 8, 10, 13, 5, 11, 20, 18, 15, 26, 24, 9, 4, 16, 19, 2, 7, 23, 6, 27, 3, 17]
	Costo: 183340

	Iteración 18: cambia el par (19,2)
	Asignación: [14, 28, 22, 1, 21, 25, 30, 29, 12, 8, 10, 13, 5, 11, 20, 18, 15, 26, 24, 9, 4, 16, 2, 19, 7, 23, 6, 27, 3, 17]
	Costo: 183122

	Iteración 19: cambia el par (30,7)
	Asignación: [14, 28, 22, 1, 21, 25, 7, 29, 12, 8, 10, 13, 5, 11, 20, 18, 15, 26, 24, 9, 4, 16, 2, 19, 30, 23, 6, 27, 3, 17]
	Costo: 182916

	Iteración 20: cambia el par (25,23)
	Asignación: [14, 28, 22, 1, 21, 23, 7, 29, 12, 8, 10, 13, 5, 11, 20, 18, 15, 26, 24, 9, 4, 16, 2, 19, 30, 25, 6, 27, 3, 17]
	Costo: 182562

	Iteración 21: cambia el par (18,3)
	Asignación: [14, 28, 22, 1, 21, 23, 7, 29, 12, 8, 10, 13, 5, 11, 20, 3, 15, 26, 24, 9, 4, 16, 2, 19, 30, 25, 6, 27, 18, 17]
	Costo: 182320

	Iteración 22: cambia el par (12,17)
	Asignación: [14, 28, 22, 1, 21, 23, 7, 29, 17, 8, 10, 13, 5, 11, 20, 3, 15, 26, 24, 9, 4, 16, 2, 19, 30, 25, 6, 27, 18, 12]
	Costo: 181312

 Asignación: [14, 28, 22, 1, 21, 23, 7, 29, 17, 8, 10, 13, 5, 11, 20, 3, 15, 26, 24, 9, 4, 16, 2, 19, 30, 25, 6, 27, 18, 12]
 Costo: 181312
 Tiempo de ejecución: 7.3965s