--------------------------------- LOGS ALGORITMO BUSQUEDA_LOCAL_DLB---------------------------------
                                 ARCHIVO DE DATOS: datos\ford03.dat                                 
                                          SEMILLA: 15522133                                         
                                                K: 5                                                
                                        maxIteraciones: 5000                                        
----------------------------------------------------------------------------------------------------
 Asignación Inicial: [27, 15, 24, 20, 4, 28, 10, 17, 2, 7, 21, 9, 5, 3, 18, 14, 30, 29, 6, 19, 22, 12, 13, 16, 1, 25, 23, 8, 26, 11]
 Costo Inicial: 13860

	Iteración 1: cambia el par (15,27)
	Asignación: [15, 27, 24, 20, 4, 28, 10, 17, 2, 7, 21, 9, 5, 3, 18, 14, 30, 29, 6, 19, 22, 12, 13, 16, 1, 25, 23, 8, 26, 11]
	Costo: 13826

	Iteración 2: cambia el par (28,27)
	Asignación: [15, 28, 24, 20, 4, 27, 10, 17, 2, 7, 21, 9, 5, 3, 18, 14, 30, 29, 6, 19, 22, 12, 13, 16, 1, 25, 23, 8, 26, 11]
	Costo: 13780

	Iteración 3: cambia el par (17,24)
	Asignación: [15, 28, 17, 20, 4, 27, 10, 24, 2, 7, 21, 9, 5, 3, 18, 14, 30, 29, 6, 19, 22, 12, 13, 16, 1, 25, 23, 8, 26, 11]
	Costo: 13722

	Iteración 4: cambia el par (12,2)
	Asignación: [15, 28, 17, 20, 4, 27, 10, 24, 12, 7, 21, 9, 5, 3, 18, 14, 30, 29, 6, 19, 22, 2, 13, 16, 1, 25, 23, 8, 26, 11]
	Costo: 13658

	Iteración 5: cambia el par (1,14)
	Asignación: [15, 28, 17, 20, 4, 27, 10, 24, 12, 7, 21, 9, 5, 3, 18, 1, 30, 29, 6, 19, 22, 2, 13, 16, 14, 25, 23, 8, 26, 11]
	Costo: 13580

 Asignación: [15, 28, 17, 20, 4, 27, 10, 24, 12, 7, 21, 9, 5, 3, 18, 1, 30, 29, 6, 19, 22, 2, 13, 16, 14, 25, 23, 8, 26, 11]
 Costo: 13580
 Tiempo de ejecución: 5.0101s