--------------------------------- LOGS ALGORITMO BUSQUEDA_LOCAL_DLB---------------------------------
                                 ARCHIVO DE DATOS: datos\ford04.dat                                 
                                          SEMILLA: 13355122                                         
                                                K: 5                                                
----------------------------------------------------------------------------------------------------
 Asignación Inicial: [12, 20, 19, 6, 2, 27, 10, 4, 5, 23, 24, 7, 8, 16, 18, 3, 29, 21, 11, 17, 1, 25, 15, 30, 26, 9, 28, 13, 14, 22]
 Costo Inicial: 191496

	Iteración 1: cambia el par (20,12)
	Asignación: [20, 12, 19, 6, 2, 27, 10, 4, 5, 23, 24, 7, 8, 16, 18, 3, 29, 21, 11, 17, 1, 25, 15, 30, 26, 9, 28, 13, 14, 22]
	Costo: 189588

	Iteración 2: cambia el par (23,12)
	Asignación: [20, 23, 19, 6, 2, 27, 10, 4, 5, 12, 24, 7, 8, 16, 18, 3, 29, 21, 11, 17, 1, 25, 15, 30, 26, 9, 28, 13, 14, 22]
	Costo: 188650

	Iteración 3: cambia el par (16,19)
	Asignación: [20, 23, 16, 6, 2, 27, 10, 4, 5, 12, 24, 7, 8, 19, 18, 3, 29, 21, 11, 17, 1, 25, 15, 30, 26, 9, 28, 13, 14, 22]
	Costo: 188542

	Iteración 4: cambia el par (3,2)
	Asignación: [20, 23, 16, 6, 3, 27, 10, 4, 5, 12, 24, 7, 8, 19, 18, 2, 29, 21, 11, 17, 1, 25, 15, 30, 26, 9, 28, 13, 14, 22]
	Costo: 188050

	Iteración 5: cambia el par (8,27)
	Asignación: [20, 23, 16, 6, 3, 8, 10, 4, 5, 12, 24, 7, 27, 19, 18, 2, 29, 21, 11, 17, 1, 25, 15, 30, 26, 9, 28, 13, 14, 22]
	Costo: 187848

	Iteración 6: cambia el par (5,10)
	Asignación: [20, 23, 16, 6, 3, 8, 5, 4, 10, 12, 24, 7, 27, 19, 18, 2, 29, 21, 11, 17, 1, 25, 15, 30, 26, 9, 28, 13, 14, 22]
	Costo: 187582

	Iteración 7: cambia el par (27,4)
	Asignación: [20, 23, 16, 6, 3, 8, 5, 27, 10, 12, 24, 7, 4, 19, 18, 2, 29, 21, 11, 17, 1, 25, 15, 30, 26, 9, 28, 13, 14, 22]
	Costo: 186538

	Iteración 8: cambia el par (25,10)
	Asignación: [20, 23, 16, 6, 3, 8, 5, 27, 25, 12, 24, 7, 4, 19, 18, 2, 29, 21, 11, 17, 1, 10, 15, 30, 26, 9, 28, 13, 14, 22]
	Costo: 186376

	Iteración 9: cambia el par (7,12)
	Asignación: [20, 23, 16, 6, 3, 8, 5, 27, 25, 7, 24, 12, 4, 19, 18, 2, 29, 21, 11, 17, 1, 10, 15, 30, 26, 9, 28, 13, 14, 22]
	Costo: 186216

	Iteración 10: cambia el par (17,24)
	Asignación: [20, 23, 16, 6, 3, 8, 5, 27, 25, 7, 17, 12, 4, 19, 18, 2, 29, 21, 11, 24, 1, 10, 15, 30, 26, 9, 28, 13, 14, 22]
	Costo: 186014

	Iteración 11: cambia el par (11,12)
	Asignación: [20, 23, 16, 6, 3, 8, 5, 27, 25, 7, 17, 11, 4, 19, 18, 2, 29, 21, 12, 24, 1, 10, 15, 30, 26, 9, 28, 13, 14, 22]
	Costo: 185400

	Iteración 12: cambia el par (22,4)
	Asignación: [20, 23, 16, 6, 3, 8, 5, 27, 25, 7, 17, 11, 22, 19, 18, 2, 29, 21, 12, 24, 1, 10, 15, 30, 26, 9, 28, 13, 14, 4]
	Costo: 184764

	Iteración 13: cambia el par (24,19)
	Asignación: [20, 23, 16, 6, 3, 8, 5, 27, 25, 7, 17, 11, 22, 24, 18, 2, 29, 21, 12, 19, 1, 10, 15, 30, 26, 9, 28, 13, 14, 4]
	Costo: 184656

	Iteración 14: cambia el par (29,18)
	Asignación: [20, 23, 16, 6, 3, 8, 5, 27, 25, 7, 17, 11, 22, 24, 29, 2, 18, 21, 12, 19, 1, 10, 15, 30, 26, 9, 28, 13, 14, 4]
	Costo: 184392

	Iteración 15: cambia el par (1,18)
	Asignación: [20, 23, 16, 6, 3, 8, 5, 27, 25, 7, 17, 11, 22, 24, 29, 2, 1, 21, 12, 19, 18, 10, 15, 30, 26, 9, 28, 13, 14, 4]
	Costo: 184276

	Iteración 16: cambia el par (15,21)
	Asignación: [20, 23, 16, 6, 3, 8, 5, 27, 25, 7, 17, 11, 22, 24, 29, 2, 1, 15, 12, 19, 18, 10, 21, 30, 26, 9, 28, 13, 14, 4]
	Costo: 183990

	Iteración 17: cambia el par (9,12)
	Asignación: [20, 23, 16, 6, 3, 8, 5, 27, 25, 7, 17, 11, 22, 24, 29, 2, 1, 15, 9, 19, 18, 10, 21, 30, 26, 12, 28, 13, 14, 4]
	Costo: 183894

	Iteración 18: cambia el par (3,18)
	Asignación: [20, 23, 16, 6, 18, 8, 5, 27, 25, 7, 17, 11, 22, 24, 29, 2, 1, 15, 9, 19, 3, 10, 21, 30, 26, 12, 28, 13, 14, 4]
	Costo: 183730

	Iteración 19: cambia el par (4,10)
	Asignación: [20, 23, 16, 6, 18, 8, 5, 27, 25, 7, 17, 11, 22, 24, 29, 2, 1, 15, 9, 19, 3, 4, 21, 30, 26, 12, 28, 13, 14, 10]
	Costo: 183632

	Iteración 20: cambia el par (1,30)
	Asignación: [20, 23, 16, 6, 18, 8, 5, 27, 25, 7, 17, 11, 22, 24, 29, 2, 30, 15, 9, 19, 3, 4, 21, 1, 26, 12, 28, 13, 14, 10]
	Costo: 183442

	Iteración 21: cambia el par (11,26)
	Asignación: [20, 23, 16, 6, 18, 8, 5, 27, 25, 7, 17, 26, 22, 24, 29, 2, 30, 15, 9, 19, 3, 4, 21, 1, 11, 12, 28, 13, 14, 10]
	Costo: 183210

	Iteración 22: cambia el par (8,28)
	Asignación: [20, 23, 16, 6, 18, 28, 5, 27, 25, 7, 17, 26, 22, 24, 29, 2, 30, 15, 9, 19, 3, 4, 21, 1, 11, 12, 8, 13, 14, 10]
	Costo: 182762

	Iteración 23: cambia el par (29,13)
	Asignación: [20, 23, 16, 6, 18, 28, 5, 27, 25, 7, 17, 26, 22, 24, 13, 2, 30, 15, 9, 19, 3, 4, 21, 1, 11, 12, 8, 29, 14, 10]
	Costo: 182504

	Iteración 24: cambia el par (25,14)
	Asignación: [20, 23, 16, 6, 18, 28, 5, 27, 14, 7, 17, 26, 22, 24, 13, 2, 30, 15, 9, 19, 3, 4, 21, 1, 11, 12, 8, 29, 25, 10]
	Costo: 182024

 Asignación: [20, 23, 16, 6, 18, 28, 5, 27, 14, 7, 17, 26, 22, 24, 13, 2, 30, 15, 9, 19, 3, 4, 21, 1, 11, 12, 8, 29, 25, 10]
 Costo: 182024
 Tiempo de ejecución: 5.3747s