--------------------------------- LOGS ALGORITMO BUSQUEDA_LOCAL_DLB---------------------------------
                                 ARCHIVO DE DATOS: datos\ford04.dat                                 
                                          SEMILLA: 12255133                                         
                                                K: 5                                                
                                        maxIteraciones: 5000                                        
----------------------------------------------------------------------------------------------------
 Asignación Inicial: [4, 9, 26, 13, 5, 18, 22, 15, 14, 6, 16, 23, 24, 20, 30, 2, 3, 21, 19, 29, 28, 12, 8, 10, 25, 17, 27, 1, 11, 7]
 Costo Inicial: 193280

	Iteración 1: cambia el par (9,4)
	Asignación: [9, 4, 26, 13, 5, 18, 22, 15, 14, 6, 16, 23, 24, 20, 30, 2, 3, 21, 19, 29, 28, 12, 8, 10, 25, 17, 27, 1, 11, 7]
	Costo: 193128

	Iteración 2: cambia el par (15,4)
	Asignación: [9, 15, 26, 13, 5, 18, 22, 4, 14, 6, 16, 23, 24, 20, 30, 2, 3, 21, 19, 29, 28, 12, 8, 10, 25, 17, 27, 1, 11, 7]
	Costo: 193096

	Iteración 3: cambia el par (23,26)
	Asignación: [9, 15, 23, 13, 5, 18, 22, 4, 14, 6, 16, 26, 24, 20, 30, 2, 3, 21, 19, 29, 28, 12, 8, 10, 25, 17, 27, 1, 11, 7]
	Costo: 192846

	Iteración 4: cambia el par (5,13)
	Asignación: [9, 15, 23, 5, 13, 18, 22, 4, 14, 6, 16, 26, 24, 20, 30, 2, 3, 21, 19, 29, 28, 12, 8, 10, 25, 17, 27, 1, 11, 7]
	Costo: 193072

	Iteración 5: cambia el par (22,13)
	Asignación: [9, 15, 23, 5, 22, 18, 13, 4, 14, 6, 16, 26, 24, 20, 30, 2, 3, 21, 19, 29, 28, 12, 8, 10, 25, 17, 27, 1, 11, 7]
	Costo: 193114

	Iteración 6: cambia el par (20,18)
	Asignación: [9, 15, 23, 5, 22, 20, 13, 4, 14, 6, 16, 26, 24, 18, 30, 2, 3, 21, 19, 29, 28, 12, 8, 10, 25, 17, 27, 1, 11, 7]
	Costo: 192698

	Iteración 7: cambia el par (16,4)
	Asignación: [9, 15, 23, 5, 22, 20, 13, 16, 14, 6, 4, 26, 24, 18, 30, 2, 3, 21, 19, 29, 28, 12, 8, 10, 25, 17, 27, 1, 11, 7]
	Costo: 192730

	Iteración 8: cambia el par (4,14)
	Asignación: [9, 15, 23, 5, 22, 20, 13, 16, 4, 6, 14, 26, 24, 18, 30, 2, 3, 21, 19, 29, 28, 12, 8, 10, 25, 17, 27, 1, 11, 7]
	Costo: 193134

	Iteración 9: cambia el par (30,6)
	Asignación: [9, 15, 23, 5, 22, 20, 13, 16, 4, 30, 14, 26, 24, 18, 6, 2, 3, 21, 19, 29, 28, 12, 8, 10, 25, 17, 27, 1, 11, 7]
	Costo: 192434

	Iteración 10: cambia el par (3,14)
	Asignación: [9, 15, 23, 5, 22, 20, 13, 16, 4, 30, 3, 26, 24, 18, 6, 2, 14, 21, 19, 29, 28, 12, 8, 10, 25, 17, 27, 1, 11, 7]
	Costo: 193164

	Iteración 11: cambia el par (24,26)
	Asignación: [9, 15, 23, 5, 22, 20, 13, 16, 4, 30, 3, 24, 26, 18, 6, 2, 14, 21, 19, 29, 28, 12, 8, 10, 25, 17, 27, 1, 11, 7]
	Costo: 193062

	Iteración 12: cambia el par (2,26)
	Asignación: [9, 15, 23, 5, 22, 20, 13, 16, 4, 30, 3, 24, 2, 18, 6, 26, 14, 21, 19, 29, 28, 12, 8, 10, 25, 17, 27, 1, 11, 7]
	Costo: 192016

	Iteración 13: cambia el par (6,18)
	Asignación: [9, 15, 23, 5, 22, 20, 13, 16, 4, 30, 3, 24, 2, 6, 18, 26, 14, 21, 19, 29, 28, 12, 8, 10, 25, 17, 27, 1, 11, 7]
	Costo: 192162

	Iteración 14: cambia el par (28,26)
	Asignación: [9, 15, 23, 5, 22, 20, 13, 16, 4, 30, 3, 24, 2, 6, 18, 28, 14, 21, 19, 29, 26, 12, 8, 10, 25, 17, 27, 1, 11, 7]
	Costo: 192662

	Iteración 15: cambia el par (10,14)
	Asignación: [9, 15, 23, 5, 22, 20, 13, 16, 4, 30, 3, 24, 2, 6, 18, 28, 10, 21, 19, 29, 26, 12, 8, 14, 25, 17, 27, 1, 11, 7]
	Costo: 193068

	Iteración 16: cambia el par (12,21)
	Asignación: [9, 15, 23, 5, 22, 20, 13, 16, 4, 30, 3, 24, 2, 6, 18, 28, 10, 12, 19, 29, 26, 21, 8, 14, 25, 17, 27, 1, 11, 7]
	Costo: 193214

	Iteración 17: cambia el par (1,29)
	Asignación: [9, 15, 23, 5, 22, 20, 13, 16, 4, 30, 3, 24, 2, 6, 18, 28, 10, 12, 19, 1, 26, 21, 8, 14, 25, 17, 27, 29, 11, 7]
	Costo: 192534

	Iteración 18: cambia el par (7,26)
	Asignación: [9, 15, 23, 5, 22, 20, 13, 16, 4, 30, 3, 24, 2, 6, 18, 28, 10, 12, 19, 1, 7, 21, 8, 14, 25, 17, 27, 29, 11, 26]
	Costo: 193246

	Iteración 19: cambia el par (8,21)
	Asignación: [9, 15, 23, 5, 22, 20, 13, 16, 4, 30, 3, 24, 2, 6, 18, 28, 10, 12, 19, 1, 7, 8, 21, 14, 25, 17, 27, 29, 11, 26]
	Costo: 193064

	Iteración 20: cambia el par (25,21)
	Asignación: [9, 15, 23, 5, 22, 20, 13, 16, 4, 30, 3, 24, 2, 6, 18, 28, 10, 12, 19, 1, 7, 8, 25, 14, 21, 17, 27, 29, 11, 26]
	Costo: 192620

	Iteración 21: cambia el par (20,17)
	Asignación: [9, 15, 23, 5, 22, 17, 13, 16, 4, 30, 3, 24, 2, 6, 18, 28, 10, 12, 19, 1, 7, 8, 25, 14, 21, 20, 27, 29, 11, 26]
	Costo: 192582

	Iteración 22: cambia el par (11,29)
	Asignación: [9, 15, 23, 5, 22, 17, 13, 16, 4, 30, 3, 24, 2, 6, 18, 28, 10, 12, 19, 1, 7, 8, 25, 14, 21, 20, 27, 11, 29, 26]
	Costo: 193012

	Iteración 23: cambia el par (3,29)
	Asignación: [9, 15, 23, 5, 22, 17, 13, 16, 4, 30, 29, 24, 2, 6, 18, 28, 10, 12, 19, 1, 7, 8, 25, 14, 21, 20, 27, 11, 3, 26]
	Costo: 192830

	Iteración 24: cambia el par (10,26)
	Asignación: [9, 15, 23, 5, 22, 17, 13, 16, 4, 30, 29, 24, 2, 6, 18, 28, 26, 12, 19, 1, 7, 8, 25, 14, 21, 20, 27, 11, 3, 10]
	Costo: 193102

	Iteración 25: cambia el par (5,23)
	Asignación: [9, 15, 5, 23, 22, 17, 13, 16, 4, 30, 29, 24, 2, 6, 18, 28, 26, 12, 19, 1, 7, 8, 25, 14, 21, 20, 27, 11, 3, 10]
	Costo: 191804

	Iteración 26: cambia el par (25,23)
	Asignación: [9, 15, 5, 25, 22, 17, 13, 16, 4, 30, 29, 24, 2, 6, 18, 28, 26, 12, 19, 1, 7, 8, 23, 14, 21, 20, 27, 11, 3, 10]
	Costo: 193100

	Iteración 27: cambia el par (13,22)
	Asignación: [9, 15, 5, 25, 13, 17, 22, 16, 4, 30, 29, 24, 2, 6, 18, 28, 26, 12, 19, 1, 7, 8, 23, 14, 21, 20, 27, 11, 3, 10]
	Costo: 193122

	Iteración 28: cambia el par (1,17)
	Asignación: [9, 15, 5, 25, 13, 1, 22, 16, 4, 30, 29, 24, 2, 6, 18, 28, 26, 12, 19, 17, 7, 8, 23, 14, 21, 20, 27, 11, 3, 10]
	Costo: 193030

	Iteración 29: cambia el par (8,22)
	Asignación: [9, 15, 5, 25, 13, 1, 8, 16, 4, 30, 29, 24, 2, 6, 18, 28, 26, 12, 19, 17, 7, 22, 23, 14, 21, 20, 27, 11, 3, 10]
	Costo: 192878

	Iteración 30: cambia el par (8,16)
	Asignación: [9, 15, 5, 25, 13, 1, 16, 8, 4, 30, 29, 24, 2, 6, 18, 28, 26, 12, 19, 17, 7, 22, 23, 14, 21, 20, 27, 11, 3, 10]
	Costo: 193138

	Iteración 31: cambia el par (16,4)
	Asignación: [9, 15, 5, 25, 13, 1, 4, 8, 16, 30, 29, 24, 2, 6, 18, 28, 26, 12, 19, 17, 7, 22, 23, 14, 21, 20, 27, 11, 3, 10]
	Costo: 193172

	Iteración 32: cambia el par (10,30)
	Asignación: [9, 15, 5, 25, 13, 1, 4, 8, 16, 10, 29, 24, 2, 6, 18, 28, 26, 12, 19, 17, 7, 22, 23, 14, 21, 20, 27, 11, 3, 30]
	Costo: 192752

	Iteración 33: cambia el par (11,29)
	Asignación: [9, 15, 5, 25, 13, 1, 4, 8, 16, 10, 11, 24, 2, 6, 18, 28, 26, 12, 19, 17, 7, 22, 23, 14, 21, 20, 27, 29, 3, 30]
	Costo: 192894

	Iteración 34: cambia el par (30,26)
	Asignación: [9, 15, 5, 25, 13, 1, 4, 8, 16, 10, 11, 24, 2, 6, 18, 28, 30, 12, 19, 17, 7, 22, 23, 14, 21, 20, 27, 29, 3, 26]
	Costo: 192690

	Iteración 35: cambia el par (17,12)
	Asignación: [9, 15, 5, 25, 13, 1, 4, 8, 16, 10, 11, 24, 2, 6, 18, 28, 30, 17, 19, 12, 7, 22, 23, 14, 21, 20, 27, 29, 3, 26]
	Costo: 193210

	Iteración 36: cambia el par (25,7)
	Asignación: [9, 15, 5, 7, 13, 1, 4, 8, 16, 10, 11, 24, 2, 6, 18, 28, 30, 17, 19, 12, 25, 22, 23, 14, 21, 20, 27, 29, 3, 26]
	Costo: 193130

	Iteración 37: cambia el par (17,3)
	Asignación: [9, 15, 5, 7, 13, 1, 4, 8, 16, 10, 11, 24, 2, 6, 18, 28, 30, 3, 19, 12, 25, 22, 23, 14, 21, 20, 27, 29, 17, 26]
	Costo: 192900

	Iteración 38: cambia el par (4,7)
	Asignación: [9, 15, 5, 4, 13, 1, 7, 8, 16, 10, 11, 24, 2, 6, 18, 28, 30, 3, 19, 12, 25, 22, 23, 14, 21, 20, 27, 29, 17, 26]
	Costo: 192162

	Iteración 39: cambia el par (20,1)
	Asignación: [9, 15, 5, 4, 13, 20, 7, 8, 16, 10, 11, 24, 2, 6, 18, 28, 30, 3, 19, 12, 25, 22, 23, 14, 21, 1, 27, 29, 17, 26]
	Costo: 192982

	Iteración 40: cambia el par (17,30)
	Asignación: [9, 15, 5, 4, 13, 20, 7, 8, 16, 10, 11, 24, 2, 6, 18, 28, 17, 3, 19, 12, 25, 22, 23, 14, 21, 1, 27, 29, 30, 26]
	Costo: 192774

	Iteración 41: cambia el par (30,3)
	Asignación: [9, 15, 5, 4, 13, 20, 7, 8, 16, 10, 11, 24, 2, 6, 18, 28, 17, 30, 19, 12, 25, 22, 23, 14, 21, 1, 27, 29, 3, 26]
	Costo: 192704

	Iteración 42: cambia el par (21,25)
	Asignación: [9, 15, 5, 4, 13, 20, 7, 8, 16, 10, 11, 24, 2, 6, 18, 28, 17, 30, 19, 12, 21, 22, 23, 14, 25, 1, 27, 29, 3, 26]
	Costo: 192636

	Iteración 43: cambia el par (5,3)
	Asignación: [9, 15, 3, 4, 13, 20, 7, 8, 16, 10, 11, 24, 2, 6, 18, 28, 17, 30, 19, 12, 21, 22, 23, 14, 25, 1, 27, 29, 5, 26]
	Costo: 193276

	Iteración 44: cambia el par (6,20)
	Asignación: [9, 15, 3, 4, 13, 6, 7, 8, 16, 10, 11, 24, 2, 20, 18, 28, 17, 30, 19, 12, 21, 22, 23, 14, 25, 1, 27, 29, 5, 26]
	Costo: 192420

	Iteración 45: cambia el par (13,5)
	Asignación: [9, 15, 3, 4, 5, 6, 7, 8, 16, 10, 11, 24, 2, 20, 18, 28, 17, 30, 19, 12, 21, 22, 23, 14, 25, 1, 27, 29, 13, 26]
	Costo: 191934

	Iteración 46: cambia el par (28,13)
	Asignación: [9, 15, 3, 4, 5, 6, 7, 8, 16, 10, 11, 24, 2, 20, 18, 13, 17, 30, 19, 12, 21, 22, 23, 14, 25, 1, 27, 29, 28, 26]
	Costo: 193090

	Iteración 47: cambia el par (14,13)
	Asignación: [9, 15, 3, 4, 5, 6, 7, 8, 16, 10, 11, 24, 2, 20, 18, 14, 17, 30, 19, 12, 21, 22, 23, 13, 25, 1, 27, 29, 28, 26]
	Costo: 193082

	Iteración 48: cambia el par (18,13)
	Asignación: [9, 15, 3, 4, 5, 6, 7, 8, 16, 10, 11, 24, 2, 20, 13, 14, 17, 30, 19, 12, 21, 22, 23, 18, 25, 1, 27, 29, 28, 26]
	Costo: 193260

	Iteración 49: cambia el par (29,28)
	Asignación: [9, 15, 3, 4, 5, 6, 7, 8, 16, 10, 11, 24, 2, 20, 13, 14, 17, 30, 19, 12, 21, 22, 23, 18, 25, 1, 27, 28, 29, 26]
	Costo: 193128

	Iteración 50: cambia el par (18,13)
	Asignación: [9, 15, 3, 4, 5, 6, 7, 8, 16, 10, 11, 24, 2, 20, 18, 14, 17, 30, 19, 12, 21, 22, 23, 13, 25, 1, 27, 28, 29, 26]
	Costo: 192756

	Iteración 51: cambia el par (20,14)
	Asignación: [9, 15, 3, 4, 5, 6, 7, 8, 16, 10, 11, 24, 2, 14, 18, 20, 17, 30, 19, 12, 21, 22, 23, 13, 25, 1, 27, 28, 29, 26]
	Costo: 192752

	Iteración 52: cambia el par (30,18)
	Asignación: [9, 15, 3, 4, 5, 6, 7, 8, 16, 10, 11, 24, 2, 14, 30, 20, 17, 18, 19, 12, 21, 22, 23, 13, 25, 1, 27, 28, 29, 26]
	Costo: 192818

	Iteración 53: cambia el par (12,20)
	Asignación: [9, 15, 3, 4, 5, 6, 7, 8, 16, 10, 11, 24, 2, 14, 30, 12, 17, 18, 19, 20, 21, 22, 23, 13, 25, 1, 27, 28, 29, 26]
	Costo: 193226

	Iteración 54: cambia el par (12,30)
	Asignación: [9, 15, 3, 4, 5, 6, 7, 8, 16, 10, 11, 24, 2, 14, 12, 30, 17, 18, 19, 20, 21, 22, 23, 13, 25, 1, 27, 28, 29, 26]
	Costo: 192006

	Iteración 55: cambia el par (13,30)
	Asignación: [9, 15, 3, 4, 5, 6, 7, 8, 16, 10, 11, 24, 2, 14, 12, 13, 17, 18, 19, 20, 21, 22, 23, 30, 25, 1, 27, 28, 29, 26]
	Costo: 193152

	Iteración 56: cambia el par (16,30)
	Asignación: [9, 15, 3, 4, 5, 6, 7, 8, 30, 10, 11, 24, 2, 14, 12, 13, 17, 18, 19, 20, 21, 22, 23, 16, 25, 1, 27, 28, 29, 26]
	Costo: 193158

	Iteración 57: cambia el par (1,30)
	Asignación: [9, 15, 3, 4, 5, 6, 7, 8, 1, 10, 11, 24, 2, 14, 12, 13, 17, 18, 19, 20, 21, 22, 23, 16, 25, 30, 27, 28, 29, 26]
	Costo: 192504

	Iteración 58: cambia el par (15,12)
	Asignación: [9, 12, 3, 4, 5, 6, 7, 8, 1, 10, 11, 24, 2, 14, 15, 13, 17, 18, 19, 20, 21, 22, 23, 16, 25, 30, 27, 28, 29, 26]
	Costo: 192300

	Iteración 59: cambia el par (16,13)
	Asignación: [9, 12, 3, 4, 5, 6, 7, 8, 1, 10, 11, 24, 2, 14, 15, 16, 17, 18, 19, 20, 21, 22, 23, 13, 25, 30, 27, 28, 29, 26]
	Costo: 191658

	Iteración 60: cambia el par (12,13)
	Asignación: [9, 13, 3, 4, 5, 6, 7, 8, 1, 10, 11, 24, 2, 14, 15, 16, 17, 18, 19, 20, 21, 22, 23, 12, 25, 30, 27, 28, 29, 26]
	Costo: 191854

	Iteración 61: cambia el par (26,30)
	Asignación: [9, 13, 3, 4, 5, 6, 7, 8, 1, 10, 11, 24, 2, 14, 15, 16, 17, 18, 19, 20, 21, 22, 23, 12, 25, 26, 27, 28, 29, 30]
	Costo: 191854

	Iteración 62: cambia el par (2,13)
	Asignación: [9, 2, 3, 4, 5, 6, 7, 8, 1, 10, 11, 24, 13, 14, 15, 16, 17, 18, 19, 20, 21, 22, 23, 12, 25, 26, 27, 28, 29, 30]
	Costo: 190054

	Iteración 63: cambia el par (9,1)
	Asignación: [1, 2, 3, 4, 5, 6, 7, 8, 9, 10, 11, 24, 13, 14, 15, 16, 17, 18, 19, 20, 21, 22, 23, 12, 25, 26, 27, 28, 29, 30]
	Costo: 188972

	Iteración 64: cambia el par (24,12)
	Asignación: [1, 2, 3, 4, 5, 6, 7, 8, 9, 10, 11, 12, 13, 14, 15, 16, 17, 18, 19, 20, 21, 22, 23, 24, 25, 26, 27, 28, 29, 30]
	Costo: 188246

 Asignación: [1, 2, 3, 4, 5, 6, 7, 8, 9, 10, 11, 12, 13, 14, 15, 16, 17, 18, 19, 20, 21, 22, 23, 24, 25, 26, 27, 28, 29, 30]
 Costo: 150528
 Tiempo de ejecución: 10.3190s