--------------------------------- LOGS ALGORITMO BUSQUEDA_LOCAL_DLB---------------------------------
                                 ARCHIVO DE DATOS: datos\ford04.dat                                 
                                          SEMILLA: 95926126                                         
                                                K: 5                                                
                                        maxIteraciones: 5000                                        
----------------------------------------------------------------------------------------------------
 Asignación Inicial: [6, 24, 5, 23, 8, 18, 26, 4, 9, 7, 22, 12, 13, 14, 21, 20, 17, 15, 3, 10, 11, 25, 30, 19, 2, 28, 1, 27, 16, 29]
 Costo Inicial: 194072

	Iteración 1: cambia el par (13,6)
	Asignación: [13, 24, 5, 23, 8, 18, 26, 4, 9, 7, 22, 12, 6, 14, 21, 20, 17, 15, 3, 10, 11, 25, 30, 19, 2, 28, 1, 27, 16, 29]
	Costo: 193334

	Iteración 2: cambia el par (2,24)
	Asignación: [13, 2, 5, 23, 8, 18, 26, 4, 9, 7, 22, 12, 6, 14, 21, 20, 17, 15, 3, 10, 11, 25, 30, 19, 24, 28, 1, 27, 16, 29]
	Costo: 192502

	Iteración 3: cambia el par (9,5)
	Asignación: [13, 2, 9, 23, 8, 18, 26, 4, 5, 7, 22, 12, 6, 14, 21, 20, 17, 15, 3, 10, 11, 25, 30, 19, 24, 28, 1, 27, 16, 29]
	Costo: 190578

	Iteración 4: cambia el par (12,8)
	Asignación: [13, 2, 9, 23, 12, 18, 26, 4, 5, 7, 22, 8, 6, 14, 21, 20, 17, 15, 3, 10, 11, 25, 30, 19, 24, 28, 1, 27, 16, 29]
	Costo: 188548

 Asignación: [13, 2, 9, 23, 12, 18, 26, 4, 5, 7, 22, 8, 6, 14, 21, 20, 17, 15, 3, 10, 11, 25, 30, 19, 24, 28, 1, 27, 16, 29]
 Costo: 188548
 Tiempo de ejecución: 5.6772s